1.611341981932132057e+03 7.839895897889722391e+02 6.631655319814584573e+02 6.036190443721137626e+02 5.663302006543399330e+02 5.401136621122712995e+02 5.204216286256149715e+02 5.048526898294210810e+02 4.921729643433140495e+02 4.815932475321203015e+02 4.725875230193298648e+02 4.648337618081961864e+02 4.580213051019483146e+02 4.519741411118268957e+02 4.465625480679421457e+02 4.416833046153310534e+02 4.372532476299210202e+02 4.332066233625712357e+02 4.294905225932110397e+02 4.260929559633007102e+02 4.229687965869019877e+02
1.812717449769366567e+03 8.584152630631956526e+02 7.190121765413788353e+02 6.503090194961538373e+02 6.072860746277626731e+02 5.770380538022923247e+02 5.543178406653746606e+02 5.363547516228389895e+02 5.217251675744695376e+02 5.095185239393953225e+02 4.991279160541861870e+02 4.901817950336744047e+02 4.823217291880758921e+02 4.753446410447651260e+02 4.691008605433199250e+02 4.634712932240227019e+02 4.583599873622790142e+02 4.536910777806310762e+02 4.494035190249043694e+02 4.454834787641697744e+02 4.418788890040326010e+02
1.812999604108809535e+03 9.312799946125425095e+02 7.742109417707882812e+02 6.966237954387651143e+02 6.479900104524061817e+02 6.137774972168092518e+02 5.880711461833318481e+02 5.677419628553096800e+02 5.511825895508752637e+02 5.373638473533251272e+02 5.255996901479085182e+02 5.154702562446997263e+02 5.065694699488662991e+02 4.986681779494867328e+02 4.915969816031073378e+02 4.852211010023843301e+02 4.794319491283580987e+02 4.741436745555906214e+02 4.692871951303142168e+02 4.648473700179284833e+02 4.607641200226211140e+02
1.812999999445302819e+03 1.002388518478651577e+03 8.286787530385962555e+02 7.425145677348772324e+02 6.884090535165483971e+02 6.503077116332310652e+02 6.216627376318898541e+02 5.989991851205296598e+02 5.805327221039967753e+02 5.651186544658083903e+02 5.519937776981981870e+02 5.406912606520196505e+02 5.307575516608086446e+02 5.219385307199323734e+02 5.140453200221350016e+02 5.069276663131810210e+02 5.004645209620385344e+02 4.945601877952600489e+02 4.891376616072752199e+02 4.841810965855884774e+02 4.796211877663884593e+02
1.812999999999222837e+03 1.071559907556577627e+03 8.823361505400393980e+02 7.879338753598191261e+02 7.285109437364375253e+02 6.866048289672393139e+02 6.550740741170488945e+02 6.301114677362645580e+02 6.097631949283380663e+02 5.927724848378312572e+02 5.783011977139228748e+02 5.658369840717170973e+02 5.548790491543685448e+02 5.451495201614621919e+02 5.364403197400516774e+02 5.285859572019235202e+02 5.214531163034301926e+02 5.149364135346527291e+02 5.089510494311905404e+02 5.034811430532809027e+02 4.984468029213805380e+02
1.812999999999998863e+03 1.138629125739786105e+03 9.351075798830053145e+02 8.328357459322911609e+02 7.682641883669299432e+02 7.226454422067840824e+02 6.882869125658113489e+02 6.610640689960869167e+02 6.388617911044567563e+02 6.203149927224183102e+02 6.045130663274078415e+02 5.908996698554922204e+02 5.789270936088410053e+02 5.682950138072918662e+02 5.587764639066754171e+02 5.501909748153753981e+02 5.423931769302824932e+02 5.352681722739172301e+02 5.287235123608400045e+02 5.227440136681800595e+02 5.172376901961852127e+02
1.813000000000000000e+03 1.203448495202876529e+03 9.869216218380216787e+02 8.771758333803929872e+02 8.076381296682321818e+02 7.584066549688964187e+02 7.212833389012138241e+02 6.918424769462006907e+02 6.678164621940055667e+02 6.477359587380997255e+02 6.306206074820066760e+02 6.158716356999021855e+02 6.028948782550625083e+02 5.913689306668100016e+02 5.810482788725068986e+02 5.717377567757447423e+02 5.632801758543455435e+02 5.555513114906858618e+02 5.484512295259447683e+02 5.419662341832739685e+02 5.359905897718708729e+02
1.813000000000000000e+03 1.265889060534528653e+03 1.037711181278557206e+03 9.209115477607418825e+02 8.466030074021018663e+02 7.938661340219847489e+02 7.540457993234965670e+02 7.224324296949116615e+02 6.966153428664692910e+02 6.750253014008497985e+02 6.566151637704369932e+02 6.407452803237016496e+02 6.267756639779066745e+02 6.143652459006397066e+02 6.032503381199468322e+02 5.932213805064423013e+02 5.841096201788250255e+02 5.757817081235937167e+02 5.681304081113003122e+02 5.611443536035041006e+02 5.547022587408354184e+02
1.813000000000000000e+03 1.325841815418368242e+03 1.087413660709775513e+03 9.640021770244974277e+02 8.851300163838817525e+02 8.290021678110058474e+02 7.865571317399128475e+02 7.528199353077751539e+02 7.252467650227556533e+02 7.021730885296002498e+02 6.824882073726137151e+02 6.655130900037341917e+02 6.505627848114958169e+02 6.372779954186678424e+02 6.253772661316231734e+02 6.146369665056971598e+02 6.048770539130736097e+02 5.959552710235055883e+02 5.877572861544841771e+02 5.802749458268901890e+02 5.733694725338490343e+02
1.813000000000000000e+03 1.383218728232732019e+03 1.135971141227041471e+03 1.006409000559056608e+03 9.231913595854248342e+02 8.637937354686431490e+02 8.188005972150167509e+02 7.829912914121205176e+02 7.536992713891332869e+02 7.291695485431090447e+02 7.082313510074349097e+02 6.901676449615644060e+02 6.742496533214683723e+02 6.601012803990066686e+02 6.474237421933896712e+02 6.359796815648397796e+02 6.255780607406916261e+02 6.160679433687467963e+02 6.073281354760147224e+02 5.993546111754243384e+02 5.919890263347865584e+02
1.813000000000000000e+03 1.437953448420055338e+03 1.183330581927813455e+03 1.048095394302181603e+03 9.607602975409379269e+02 8.982205921031328444e+02 8.507599109804056070e+02 8.129331047397454313e+02 7.819616285663428243e+02 7.560050816604572219e+02 7.338363587703665871e+02 7.147016255953367363e+02 6.978297658706131870e+02 6.828292717282591866e+02 6.693845041311496971e+02 6.572447419288550918e+02 6.462082667373787217e+02 6.361157050404625579e+02 6.268392647620901243e+02 6.183799778119849861e+02 6.105577364825606992e+02
1.813000000000000000e+03 1.489978614944203628e+03 1.229444030975079613e+03 1.089026927178419101e+03 9.978111950159906200e+02 9.322633764131819589e+02 8.824192720205788873e+02 8.426323109804659452e+02 8.100228395325533484e+02 7.826702709985027013e+02 7.592951566786816784e+02 7.391078185540691265e+02 7.212967077670567733e+02 7.054562143667027385e+02 6.912543519827140699e+02 6.784274163978426486e+02 6.667633430351122570e+02 6.560945749540568386e+02 6.462870228203936449e+02 6.373477030411071382e+02 6.290724418601098478e+02
1.813000000000000000e+03 1.539260101801609835e+03 1.274268825233323469e+03 1.129171448933003830e+03 1.034319566018519708e+03 9.659037443025719085e+02 9.137633895690272539e+02 8.720761954897756141e+02 8.378721556143356111e+02 8.091558935212223105e+02 7.845998426906270424e+02 7.633791226548544273e+02 7.446441582982407681e+02 7.279764316461489670e+02 7.130281516086311058e+02 6.995230293695409500e+02 6.872390084296317809e+02 6.760006133425766848e+02 6.656678020287229174e+02 6.562544744932466756e+02 6.475300052703502161e+02
1.813000000000000000e+03 1.585776402598221239e+03 1.317767748919479800e+03 1.168499172960235001e+03 1.070262118221901346e+03 9.991245249908804453e+02 9.447775041385993973e+02 9.012524155422181593e+02 8.654990879555103902e+02 8.354529307328396044e+02 8.097426959071744932e+02 7.875085546469555311e+02 7.678658956599251724e+02 7.503843295135138760e+02 7.347008382492231249e+02 7.205269638249777699e+02 7.076310319287972561e+02 6.958299239879315792e+02 6.849780419939462490e+02 6.750970111941830964e+02 6.659273147993289967e+02
1.813000000000000000e+03 1.629507527768116233e+03 1.359909128722780224e+03 1.206982782995127536e+03 1.105616797708617469e+03 1.031909882105861698e+03 9.754474002461633972e+02 9.301490248343500298e+02 8.928934185275847994e+02 8.615525789160337808e+02 8.347161846108044756e+02 8.114892548305155060e+02 7.909558017981720468e+02 7.726744007393950824e+02 7.562674200390010810e+02 7.414346642619401564e+02 7.279352352402133874e+02 7.155786563959600244e+02 7.042142334347679480e+02 6.938720645233138384e+02 6.842612851670637610e+02
1.813000000000000000e+03 1.670414032666648836e+03 1.400666859257973783e+03 1.244597742815654101e+03 1.140362834622378614e+03 1.064245441025547734e+03 1.005759408187970280e+03 9.587545006100642695e+02 9.200452107354434474e+02 8.874462586019579931e+02 8.595129727520090910e+02 8.353144925411342001e+02 8.139078671947440853e+02 7.948412291177895668e+02 7.777229814938782511e+02 7.622416395842410566e+02 7.481474951976954344e+02 7.352430079116367097e+02 7.233729222957789489e+02 7.125764190668070341e+02 7.025288590669230189e+02
1.813000000000000000e+03 1.708386602943034859e+03 1.440020368544386884e+03 1.281323723793324916e+03 1.174480789854808336e+03 1.096118318861446141e+03 1.035700393551122716e+03 9.870577727978004532e+02 9.469448196756450216e+02 9.131256228338073697e+02 8.841259244695764892e+02 8.589776715148344692e+02 8.367161956437176968e+02 8.168794936896887293e+02 7.990626869907101764e+02 7.829434659588343948e+02 7.682637461277433886e+02 7.548192257712336186e+02 7.424507140919189396e+02 7.312068933738132728e+02 7.207270084948371505e+02
1.813000000000000000e+03 1.743099090071564660e+03 1.477941787345518151e+03 1.317150870602651366e+03 1.207952602332970628e+03 1.127516974434891154e+03 1.065257735942474937e+03 1.015048252555020781e+03 9.735829021002886066e+02 9.385825636779786691e+02 9.085481062348712840e+02 8.824723351506495419e+02 8.593750090901340855e+02 8.387839730277657964e+02 8.202817842616673261e+02 8.035357896575407040e+02 7.882799821594726382e+02 7.743036090888526815e+02 7.614442784717236918e+02 7.497603406259589747e+02 7.388527360702038322e+02
1.813000000000000000e+03 1.773398135526296528e+03 1.514417234349061118e+03 1.352101969045556416e+03 1.240761635880169479e+03 1.158430797741573997e+03 1.094419302579651458e+03 1.042715854362559867e+03 9.999504261257021653e+02 9.638092163902191487e+02 9.327727862530050515e+02 9.057921716906103029e+02 8.818786526297179762e+02 8.605495496191515485e+02 8.413756079263761194e+02 8.240143299052327848e+02 8.081922594845672165e+02 7.936925107757247133e+02 7.803503539745070157e+02 7.682336492321450123e+02 7.569030763510993438e+02
1.813000000000000000e+03 1.793305200114682748e+03 1.549436370303419835e+03 1.386289497156692960e+03 1.272892724070870145e+03 1.188849398480245100e+03 1.123173427080406782e+03 1.070051001481289404e+03 1.026038680702124566e+03 9.887979607157544706e+02 9.567934308435285402e+02 9.289310193402550340e+02 9.042215997990927008e+02 8.821712143740518286e+02 8.623395830804067828e+02 8.443748817610036212e+02 8.279966985781888980e+02 8.129823393917413341e+02 7.991657529408591927e+02 7.866237433619548938e+02 7.748750971473274376e+02
1.813000000000000000e+03 1.795191764312243322e+03 1.582991389719369636e+03 1.420003659518887844e+03 1.304332211068113565e+03 1.218761639938913731e+03 1.151508907300756846e+03 1.097044600257719139e+03 1.051839284829299459e+03 1.013541419053591085e+03 9.806036976660893743e+02 9.518828713605718121e+02 9.263984583112562632e+02 9.036440712645384110e+02 8.831692289468201125e+02 8.646133190619354991e+02 8.476894863977322530e+02 8.321695609300326169e+02 8.178873665178340389e+02 8.049275834314894382e+02 7.927659008361255246e+02
1.813000000000000000e+03 1.796877739112318750e+03 1.615075098697846897e+03 1.451285724467199771e+03 1.335067986181528113e+03 1.248154587178428756e+03 1.179415036119907427e+03 1.123687966942442245e+03 1.077344196466045787e+03 1.038032451692474751e+03 1.004197425853814480e+03 9.746418811820038854e+02 9.484039763968218040e+02 9.249633420536164294e+02 9.038601625746471200e+02 8.847255974585002605e+02 8.672668785842854504e+02 8.512507005369548096e+02 8.365121696799729989e+02 8.231421665550687976e+02 8.105726256869020290e+02
1.813000000000000000e+03 1.798475274498163571e+03 1.645677287426522071e+03 1.482070042913916495e+03 1.365089509853319669e+03 1.277012661156250942e+03 1.206881673615053387e+03 1.149972695541330268e+03 1.102545721043608864e+03 1.062264150034589193e+03 1.027568623364762743e+03 9.972023676399979877e+02 9.702330498747016918e+02 9.461243710035384993e+02 9.244081025308844346e+02 9.047077575636355959e+02 8.867252017018955712e+02 8.702223441715749459e+02 8.550372261652412362e+02 8.412645269746005852e+02 8.282924472034276278e+02
1.813000000000000000e+03 1.799988979963056408e+03 1.674778614528025173e+03 1.512045460790454172e+03 1.394387828970006467e+03 1.305317359427963083e+03 1.233899357595485753e+03 1.175890472033829610e+03 1.127436519457619170e+03 1.086229829595906949e+03 1.050711452147726504e+03 1.019558820543313004e+03 9.918807299632668446e+02 9.671226293495250275e+02 9.448088724780646999e+02 9.245559282202871145e+02 9.060608555621187179e+02 8.890811402107987078e+02 8.734596932010279033e+02 8.592917364754681557e+02 8.459225794943724850e+02
1.813000000000000000e+03 1.801405262358305890e+03 1.702336289399077259e+03 1.541079218943591059e+03 1.422955579771439488e+03 1.333047866945160649e+03 1.260459434153523034e+03 1.201432873130997450e+03 1.152009615387248459e+03 1.109923025447316377e+03 1.073620212023442718e+03 1.041705907024289900e+03 1.013342231614299521e+03 9.879537191908053728e+02 9.650584044566116972e+02 9.442663298603733892e+02 9.252703156949600043e+02 9.078238010086848817e+02 8.917768258696812609e+02 8.772209047934103410e+02 8.634602766860368774e+02
1.813000000000000000e+03 1.802713696725086265e+03 1.728250426463186159e+03 1.569127209788627397e+03 1.450780832644290058e+03 1.360182705163709443e+03 1.286554175888434884e+03 1.226591234386701899e+03 1.176258401777495919e+03 1.133337493378893214e+03 1.096289324478437720e+03 1.063638479593003240e+03 1.034612941767590428e+03 1.008613376293791248e+03 9.851527416029168762e+02 9.638352778772531337e+02 9.443501360398263387e+02 9.264471044218660154e+02 9.099859809351124795e+02 8.950491800111904013e+02 8.809028343943873551e+02
1.813000000000000000e+03 1.803909777476276759e+03 1.752268883378453438e+03 1.596175883257387341e+03 1.477858026843328616e+03 1.386702254233427084e+03 1.312176849549387725e+03 1.251356716646359473e+03 1.200176646325046249e+03 1.156467220111280540e+03 1.118713317822645422e+03 1.085351587690997121e+03 1.055688426360536369e+03 1.029097471144043084e+03 1.005088039938858969e+03 9.832591858602778530e+02 9.632969519372729792e+02 9.449478953179202563e+02 9.280846199210822078e+02 9.127737489372499340e+02 8.982475912768136368e+02
1.813000000000000000e+03 1.804994097412023848e+03 1.773654477613459676e+03 1.622218903786746523e+03 1.504182776308698294e+03 1.412591588045932895e+03 1.337321702490397684e+03 1.275720704790473064e+03 1.223758495831486016e+03 1.179306445042873747e+03 1.140886815336622021e+03 1.106840496024535923e+03 1.076564434201383847e+03 1.049402007464027065e+03 1.024860568783233248e+03 1.002534568443091644e+03 9.821074834968147798e+02 9.633230870918553137e+02 9.460703111966522556e+02 9.303918374517392067e+02 9.154919306867652722e+02
1.813000000000000000e+03 1.805970879138095597e+03 1.789834081950134077e+03 1.647249922111451269e+03 1.529751882145935269e+03 1.437842747991504439e+03 1.361983859244710175e+03 1.299675587690047905e+03 1.246998479328999110e+03 1.201849694150874029e+03 1.162804528093133740e+03 1.128100715208525344e+03 1.097236895012752029e+03 1.069523117393087432e+03 1.044466709287222557e+03 1.021658043400785687e+03 1.000778539387673504e+03 9.815696632300401916e+02 9.639407307832124161e+02 9.479007107993428463e+02 9.326332824556764081e+02
1.813000000000000000e+03 1.806846536771264255e+03 1.793364095824230390e+03 1.671256819023538583e+03 1.554562812471079724e+03 1.462449680855638007e+03 1.386159149689229707e+03 1.323215763352732210e+03 1.269891509939197022e+03 1.224091823868361189e+03 1.184461254050376283e+03 1.149128053084829844e+03 1.117701908256035267e+03 1.089457052684982500e+03 1.063902950622536537e+03 1.040626332506376230e+03 1.019307021034433319e+03 9.996846789853295832e+02 9.816936615490099030e+02 9.652976738047767640e+02 9.496691248249267119e+02
1.813000000000000000e+03 1.807628529354896727e+03 1.794866247702955889e+03 1.694215747457693396e+03 1.578613467056220770e+03 1.486418161638843458e+03 1.409843917199936868e+03 1.346338443274574274e+03 1.292432885489512046e+03 1.246028069504757013e+03 1.205851884759961195e+03 1.169918697317295027e+03 1.137955719052457425e+03 1.109200171709330561e+03 1.083165883498653557e+03 1.059436260545936648e+03 1.037689927083388056e+03 1.017665263267861178e+03 9.993269904000055703e+02 9.825800709874002905e+02 9.665969865440907824e+02
1.813000000000000000e+03 1.808324584073175174e+03 1.796338147398864976e+03 1.716079262691571557e+03 1.601901787641626925e+03 1.509758458016665827e+03 1.433034866669268695e+03 1.369043678231507101e+03 1.314618287975533804e+03 1.267654089870651660e+03 1.226971420608452945e+03 1.190469338203103916e+03 1.157994678025294661e+03 1.128748922829716548e+03 1.102252191003452936e+03 1.078084751828979506e+03 1.055924357824449316e+03 1.035508620920720659e+03 1.016838703010858126e+03 9.997452865583702533e+02 9.834144491379722695e+02
1.813000000000000000e+03 1.808942250323058715e+03 1.797715214420016764e+03 1.736747409160534289e+03 1.624424926092716078e+03 1.532482297031681128e+03 1.455724485365567944e+03 1.391333231727733391e+03 1.336443782013256850e+03 1.288965998201411821e+03 1.247814994931846968e+03 1.210777328269098916e+03 1.177815183688969228e+03 1.148099825910826212e+03 1.121158637286731164e+03 1.096568823565510002e+03 1.074007519001723949e+03 1.053212035645953392e+03 1.034226875570574521e+03 1.016790744299042785e+03 1.000119149321165878e+03
1.813000000000000000e+03 1.809488691478692772e+03 1.798976235690559406e+03 1.755995480461003126e+03 1.646178173295920033e+03 1.554600172908704280e+03 1.477909301051189914e+03 1.413208546358248896e+03 1.357905812464037581e+03 1.309960370129973626e+03 1.268377906645087023e+03 1.230840841690240040e+03 1.197413609657463894e+03 1.167249455216553088e+03 1.139882055344074388e+03 1.114885575676594271e+03 1.091936724131919391e+03 1.070772873977119616e+03 1.051489662952094022e+03 1.033713907344669451e+03 1.016708781502558850e+03
1.813000000000000000e+03 1.809970617123331294e+03 1.800127758672522077e+03 1.773261391004713914e+03 1.667153264773931369e+03 1.576119509514817082e+03 1.499586161951564236e+03 1.434668746853662014e+03 1.379001201431247182e+03 1.330634222757727457e+03 1.288655660269715327e+03 1.250658932447671532e+03 1.216786225055597015e+03 1.186194428570889158e+03 1.158419336054608721e+03 1.133032177033350536e+03 1.109709394104792636e+03 1.088188590849040111e+03 1.068625282668622276e+03 1.050512277933529958e+03 1.033181100270983052e+03
1.813000000000000000e+03 1.810394281549851712e+03 1.801185223637056879e+03 1.786939474993677322e+03 1.687335083586055134e+03 1.597043731139513056e+03 1.520752341864804976e+03 1.455705896972035362e+03 1.399727144817325552e+03 1.350984964480615645e+03 1.308644011494460756e+03 1.270231301568470826e+03 1.235929125736939795e+03 1.204931408914789472e+03 1.176767421536673737e+03 1.151005848847438074e+03 1.127323052526417996e+03 1.105456737453969026e+03 1.085631993974175657e+03 1.067183397227727028e+03 1.049533922687224731e+03
1.813000000000000000e+03 1.810765503820535287e+03 1.802162835761346969e+03 1.793307205213061252e+03 1.706696398085830651e+03 1.617372283868144450e+03 1.541405672184435844e+03 1.476312940357353909e+03 1.420081208594160671e+03 1.371010321983045742e+03 1.328339015745678580e+03 1.289557517407953128e+03 1.254838206517349363e+03 1.223457124638851155e+03 1.194923306559855746e+03 1.168803847002525799e+03 1.144775315078554058e+03 1.122574972108525344e+03 1.102508071531346332e+03 1.083724845365052033e+03 1.065765130128333340e+03
1.813000000000000000e+03 1.811089688665972290e+03 1.803070742762010241e+03 1.794407028335005180e+03 1.725186538959796962e+03 1.637100930987660604e+03 1.561544524132040351e+03 1.496482356111484933e+03 1.440058135790778806e+03 1.390708256944935101e+03 1.347737076756191527e+03 1.308635494032572979e+03 1.273509219071359439e+03 1.241768413532636714e+03 1.212884051843109773e+03 1.186423446485446675e+03 1.162063871227549726e+03 1.139541074629567674e+03 1.119251773241493311e+03 1.100134241956182677e+03 1.081872669344091946e+03
1.813000000000000000e+03 1.811371842294610587e+03 1.803915524123849536e+03 1.795501037968926994e+03 1.742707376820969785e+03 1.656222016125874916e+03 1.581167689777028727e+03 1.516208191663324897e+03 1.459655737391806269e+03 1.410076888645039617e+03 1.366834991868622865e+03 1.327459351490705785e+03 1.291937969796212883e+03 1.259862291257473771e+03 1.230646812195171606e+03 1.203861932577861126e+03 1.179186457053913500e+03 1.156352963997808502e+03 1.135861302148656932e+03 1.116409247289632731e+03 1.097854552302978618e+03
1.813000000000000000e+03 1.811616584036206859e+03 1.804701480189248059e+03 1.796575990311916257e+03 1.759056713793859217e+03 1.674724163415327666e+03 1.600274148663267397e+03 1.535487160043325048e+03 1.478872106683324546e+03 1.429114438447424618e+03 1.385629990837933292e+03 1.346017380833230391e+03 1.310120701145378007e+03 1.277736038877772216e+03 1.248208880322458299e+03 1.221116604732003907e+03 1.196140818896624296e+03 1.173008717598852627e+03 1.152334762819400112e+03 1.132547564537970857e+03 1.113708854342070708e+03
1.813000000000000000e+03 1.811828156600208331e+03 1.805431731630684908e+03 1.797620655387788247e+03 1.773776622767204799e+03 1.692590426442548960e+03 1.618862613465310233e+03 1.554318497015151706e+03 1.497705576939902812e+03 1.447816149258899941e+03 1.404119765223029844e+03 1.364291442159598546e+03 1.328054644814299309e+03 1.295387296121142981e+03 1.265567743712687161e+03 1.238184799464815796e+03 1.212924668964508101e+03 1.189506587853382371e+03 1.168670113282187003e+03 1.148546943260445914e+03 1.129433710112610015e+03
1.813000000000000000e+03 1.812010437259920764e+03 1.806108917381435731e+03 1.798626152283499323e+03 1.785779221902300151e+03 1.709795117837347789e+03 1.636931204380728786e+03 1.572703117580804928e+03 1.516154734738952357e+03 1.466179982708415992e+03 1.422302486060611727e+03 1.382259136131583318e+03 1.345738620004301310e+03 1.312814139810932147e+03 1.282721147713332812e+03 1.255063937365390757e+03 1.229535636035638163e+03 1.205845008612789115e+03 1.184865114469357650e+03 1.164405184457776159e+03 1.145027306854708741e+03
1.813000000000000000e+03 1.812166951171423079e+03 1.806735555632566047e+03 1.799586264822020212e+03 1.793020836013411099e+03 1.726294976380303524e+03 1.654476544538150165e+03 1.590642364630011343e+03 1.534218331225860311e+03 1.484203958543112321e+03 1.440174081323346172e+03 1.399898986599073851e+03 1.363173403533205374e+03 1.330015123338069316e+03 1.299667153709713375e+03 1.271751595655448227e+03 1.245971216798892101e+03 1.222022579854505011e+03 1.200917280091617386e+03 1.180120147345008036e+03 1.160487874665860090e+03
1.813000000000000000e+03 1.812300887094379050e+03 1.807314187615316087e+03 1.800497428626272949e+03 1.794057704575374373e+03 1.742011917253853653e+03 1.671492760045377054e+03 1.608137042182038840e+03 1.551895233457190670e+03 1.501886211829046488e+03 1.457733305016664872e+03 1.417196935057591190e+03 1.380361525480535647e+03 1.346989256041219960e+03 1.316404178551919358e+03 1.288245601356961970e+03 1.262228736454086174e+03 1.238038016288573999e+03 1.216823830892715705e+03 1.195689757864605781e+03 1.175813673672797222e+03
1.813000000000000000e+03 1.812415115215996821e+03 1.807847404530269614e+03 1.801358376385055863e+03 1.795016370315492168e+03 1.756796988536572144e+03 1.687970303322911150e+03 1.625186898662050680e+03 1.569184419925472184e+03 1.519225085689928619e+03 1.474979329319455474e+03 1.434450285199159225e+03 1.397306289178794486e+03 1.363735912350891113e+03 1.332931001556056344e+03 1.304544131678143458e+03 1.278305331793955020e+03 1.253890045634605031e+03 1.232581658137706199e+03 1.211112018768524877e+03 1.191002978397263860e+03
1.813000000000000000e+03 1.812512206538744067e+03 1.808337823699744604e+03 1.802169574153282610e+03 1.795944836401543171e+03 1.770337004110535872e+03 1.703893141384361570e+03 1.641790121336351604e+03 1.586084843632400634e+03 1.536219142951026470e+03 1.491911679557568732e+03 1.451356044268776031e+03 1.414010219979985777e+03 1.380254678083947965e+03 1.349246729515643665e+03 1.320645799796971914e+03 1.294197978564451205e+03 1.269577248116322608e+03 1.248187301803249966e+03 1.226385020869679693e+03 1.206054060150942860e+03
1.813000000000000000e+03 1.812594453253856273e+03 1.808788050798407085e+03 1.802932610779803554e+03 1.796852525859334719e+03 1.781921558741246827e+03 1.719234455514577121e+03 1.657943044274365093e+03 1.602595349264435526e+03 1.552867194332332474e+03 1.508530187979893071e+03 1.467925733855551698e+03 1.430473602718960592e+03 1.396545160685683868e+03 1.365350718140735580e+03 1.336549699158702424e+03 1.309903601180300029e+03 1.285097842096868590e+03 1.263636949069578804e+03 1.241506954825567163e+03 1.220965169049445649e+03
1.813000000000000000e+03 1.812663889579892839e+03 1.809200645260212696e+03 1.803649665854193927e+03 1.797737275726353573e+03 1.789960246945125164e+03 1.733947952059148747e+03 1.673639558951470008e+03 1.618714500078145193e+03 1.569168258815321224e+03 1.524834919626358896e+03 1.484178324857523876e+03 1.446691554026061112e+03 1.412606804785579243e+03 1.381242458716650617e+03 1.352255381418822026e+03 1.325419327194269044e+03 1.300449441489573928e+03 1.278926458187203707e+03 1.256476122604194188e+03 1.235734518286758203e+03
1.813000000000000000e+03 1.812722312633005458e+03 1.809578094554851987e+03 1.804323120752358363e+03 1.798595135116422625e+03 1.792942654088432619e+03 1.747949996159809643e+03 1.688870002662212755e+03 1.634440322058750098e+03 1.585121470128402734e+03 1.540826084869602937e+03 1.500133572789210120e+03 1.462658924741197552e+03 1.428438757950228592e+03 1.396921448806870785e+03 1.367762754581066247e+03 1.340742963683445168e+03 1.315628834651213992e+03 1.294051411491708905e+03 1.271290947634986424e+03 1.250360274795228179e+03
1.813000000000000000e+03 1.812771302981278495e+03 1.809922797450573853e+03 1.804955321670164494e+03 1.799422674746038638e+03 1.793878165334798723e+03 1.761085008660811582e+03 1.703619889543215095e+03 1.649770198811093678e+03 1.600726059229172279e+03 1.556504015513870172e+03 1.515806764342816223e+03 1.478369754598214513e+03 1.444037624929044796e+03 1.412387072285720251e+03 1.383071907760295289e+03 1.355873721731469914e+03 1.330631853759071419e+03 1.309007199250565918e+03 1.285949982603821354e+03 1.264840562456664657e+03
1.813000000000000000e+03 1.812812244609397794e+03 1.810237054287521914e+03 1.805548467707899590e+03 1.800217395601358021e+03 1.794811757838690710e+03 1.773036064017494255e+03 1.717866021947517083e+03 1.664700181897789662e+03 1.615981074385157171e+03 1.571869006484530473e+03 1.531206477693344596e+03 1.493818813887782426e+03 1.459401633639490910e+03 1.427638514309839366e+03 1.398182892224346915e+03 1.370813013711165013e+03 1.345453407594026430e+03 1.323789133258613674e+03 1.300451913941330304e+03 1.279173486522939584e+03
1.813000000000000000e+03 1.812846344081153120e+03 1.810523061980983584e+03 1.806104583065149654e+03 1.800977736886010234e+03 1.795730240271425146e+03 1.783124131374652052e+03 1.731570535363604449e+03 1.679224325141795589e+03 1.630885187145039708e+03 1.586921230468834437e+03 1.546335228436094440e+03 1.509002588247265066e+03 1.474528799275907886e+03 1.442672672015948820e+03 1.413095506728510827e+03 1.385564795403699691e+03 1.360087730296395875e+03 1.338392585904243333e+03 1.314795562290640646e+03 1.293357190061967685e+03
1.813000000000000000e+03 1.812874648738710903e+03 1.810782911906513846e+03 1.806625534461196139e+03 1.801702974877100360e+03 1.796622516710164518e+03 1.790009720164740656e+03 1.744670269358272890e+03 1.693333799622866309e+03 1.645436506905894248e+03 1.601660677367197650e+03 1.561191570096867281e+03 1.523919479245210596e+03 1.489417116107313859e+03 1.457488056496046511e+03 1.427809140522525695e+03 1.400134708318600815e+03 1.374528852216174073e+03 1.352813147180313763e+03 1.328979878614525660e+03 1.307389953001971890e+03
1.813000000000000000e+03 1.812898063821677624e+03 1.811018589424150832e+03 1.807113065025571814e+03 1.802393076164017202e+03 1.797480901765633917e+03 1.792730832297956340e+03 1.757053026038571488e+03 1.707014836547445157e+03 1.659632097476687022e+03 1.616086967245112646e+03 1.575772201995468095e+03 1.538569370984680972e+03 1.504064722184280299e+03 1.472083018081541013e+03 1.442320778790416625e+03 1.414527750361577091e+03 1.388771235664317146e+03 1.367046789263171377e+03 1.343003936077156141e+03 1.321270338144934385e+03
1.813000000000000000e+03 1.812917368427314614e+03 1.811231974323068016e+03 1.807568827581534379e+03 1.803048535065040824e+03 1.798301344197510389e+03 1.793598890285059497e+03 1.768512968416238891e+03 1.720246212070325555e+03 1.673467649609016007e+03 1.630199289747739385e+03 1.590073502680901356e+03 1.552953024501799973e+03 1.518470066167799814e+03 1.486455877147853016e+03 1.456628704116805238e+03 1.428745490261579334e+03 1.402810457881708317e+03 1.381090026289782372e+03 1.356866918352996890e+03 1.334997372484725474e+03
1.813000000000000000e+03 1.812933230266900182e+03 1.811424841833385017e+03 1.807994409751349849e+03 1.803670216979777933e+03 1.799082810556473305e+03 1.794465734774751581e+03 1.778655619559192019e+03 1.732993934134162146e+03 1.686936692905817381e+03 1.643996184952943395e+03 1.604092217061740939e+03 1.567071469851925485e+03 1.532631974904708159e+03 1.500605040147819636e+03 1.470730909869463176e+03 1.442783039079805803e+03 1.416643789628667037e+03 1.394940056212114314e+03 1.370568105499880176e+03 1.348570725601769709e+03
1.813000000000000000e+03 1.812946219202300654e+03 1.811598864066208762e+03 1.808391349434213907e+03 1.804259222527720567e+03 1.799826280111909909e+03 1.795320341778409329e+03 1.786747181294985694e+03 1.745201327075551944e+03 1.700029368202174965e+03 1.657475245158656662e+03 1.617825561347779058e+03 1.580925567131104117e+03 1.546549644429026557e+03 1.514529097374708272e+03 1.484625307363365891e+03 1.456633563408489863e+03 1.430472554776840298e+03 1.408594872332304476e+03 1.384106858905768831e+03 1.361990817351155556e+03
1.813000000000000000e+03 1.812956819571402093e+03 1.811755611845252133e+03 1.808761142277965746e+03 1.804816780185164134e+03 1.800533755670267283e+03 1.796153236221649422e+03 1.791800549852354379e+03 1.756771839306593847e+03 1.712730983522063752e+03 1.670632909064066098e+03 1.631271113248527627e+03 1.594515810244677368e+03 1.560222607684824425e+03 1.528226912975682808e+03 1.498309958431347468e+03 1.470289580439637120e+03 1.444091977932400368e+03 1.422053334343570441e+03 1.397482607010466381e+03 1.375258772817076988e+03
1.813000000000000000e+03 1.812965441331466081e+03 1.811896556926141329e+03 1.809105243729434733e+03 1.805344168920266156e+03 1.801207522620115697e+03 1.796957556634684352e+03 1.792827626942410006e+03 1.767531080092651337e+03 1.725018782387036708e+03 1.683463836354652358e+03 1.644426426899803346e+03 1.607842175528377993e+03 1.573650600637195566e+03 1.541697628271980648e+03 1.511783233007576655e+03 1.483745309583489416e+03 1.457503242884713018e+03 1.435313309238132206e+03 1.410694833470440699e+03 1.388376166371823729e+03
1.813000000000000000e+03 1.812972430065664867e+03 1.812023074596837205e+03 1.809425068061678303e+03 1.805842667870817650e+03 1.801849714709070668e+03 1.797729336866744916e+03 1.793747319964599455e+03 1.777150873449907749e+03 1.736856739222771921e+03 1.695960122621733035e+03 1.657288651474343169e+03 1.620904077240995775e+03 1.586833432010977504e+03 1.554940636884870173e+03 1.525043903012213150e+03 1.496997520317942190e+03 1.470709230971120860e+03 1.448375238183770307e+03 1.423743069167818931e+03 1.401344568583718456e+03
1.813000000000000000e+03 1.812978075910426696e+03 1.812136446636811115e+03 1.809721986141074467e+03 1.806313527636925755e+03 1.802462135053217480e+03 1.798467142774983813e+03 1.794586630589772085e+03 1.785019319183341622e+03 1.748186932890611160e+03 1.708110314316123095e+03 1.669854209538232908e+03 1.633700398184436835e+03 1.599770886502313942e+03 1.567955546917914717e+03 1.538091169496695329e+03 1.510045173433166156e+03 1.483713935659870458e+03 1.461240359036425843e+03 1.436625278346429013e+03 1.414165007913250747e+03
1.813000000000000000e+03 1.812982621470233653e+03 1.812237864596234658e+03 1.809997323022038699e+03 1.806757957021036418e+03 1.803046241234050740e+03 1.799171358229922816e+03 1.795366961644793719e+03 1.790165437556142933e+03 1.758910214461989199e+03 1.719896935994056321e+03 1.682118047708045196e+03 1.646229313943120360e+03 1.612462523290172157e+03 1.580742043633817048e+03 1.550924565777620046e+03 1.522888567860986541e+03 1.496521735642809290e+03 1.473910572188906144e+03 1.449340916644392109e+03 1.426837530096113824e+03
1.813000000000000000e+03 1.812986268792268220e+03 1.812328433344959649e+03 1.810252355922803190e+03 1.807177119535271004e+03 1.803603210310307077e+03 1.799843413453098492e+03 1.796104012701722468e+03 1.792209104090458595e+03 1.768854923663025374e+03 1.731294016155354257e+03 1.694073277982475929e+03 1.658488359684119814e+03 1.624907666824486114e+03 1.593299862189693386e+03 1.563543900835743216e+03 1.535528632663056214e+03 1.509136766825929953e+03 1.486388317434570126e+03 1.461889484289469010e+03 1.439359516499012443e+03
1.813000000000000000e+03 1.812989185476628336e+03 1.812409174835376689e+03 1.810488312783323408e+03 1.807572135153963245e+03 1.804134025684953258e+03 1.800485150960642386e+03 1.796808293699293699e+03 1.792968353462382311e+03 1.777710697573053267e+03 1.742261078788179702e+03 1.705709995046041740e+03 1.670474134692198504e+03 1.637105233736487889e+03 1.605628648686233646e+03 1.575949106902091444e+03 1.547966413938647293e+03 1.521562417328121455e+03 1.498676393188962948e+03 1.474270524340434804e+03 1.451728700384265494e+03
1.813000000000000000e+03 1.812991509998725178e+03 1.812481032022644513e+03 1.810706371410197107e+03 1.807944084148391994e+03 1.804639554588004785e+03 1.801098406460416982e+03 1.797486117233837604e+03 1.793727012623384098e+03 1.784924077364167260e+03 1.752732372508200342e+03 1.717013500630919225e+03 1.682181866115124876e+03 1.649053548138415863e+03 1.617727827083702778e+03 1.588140094035740958e+03 1.560202788690542320e+03 1.533801054807996252e+03 1.510777773738542692e+03 1.486483625522020702e+03 1.463942231555483659e+03
1.813000000000000000e+03 1.812993356319782833e+03 1.812544872888617647e+03 1.810907659126228964e+03 1.808294011085147986e+03 1.805120604492457915e+03 1.801684793861157004e+03 1.798140772441438457e+03 1.794474357426826373e+03 1.789728035333479056e+03 1.762600274943034719e+03 1.727962463725867565e+03 1.693605166629844007e+03 1.660750332448589916e+03 1.629596595256198043e+03 1.600116705763883147e+03 1.572238382577289258e+03 1.545854019051159639e+03 1.522695469966875635e+03 1.498528452674728896e+03 1.475997235267904898e+03
1.813000000000000000e+03 1.812994817859006389e+03 1.812601494520548385e+03 1.811093252820058296e+03 1.808622928037498468e+03 1.805577958023052133e+03 1.802245639934695419e+03 1.798773620557604772e+03 1.795201583169750393e+03 1.792011825942660835e+03 1.771678936259572311e+03 1.738524221731111538e+03 1.704734948300377027e+03 1.672192333590909584e+03 1.641233727825961751e+03 1.611878567854482299e+03 1.584073478062272898e+03 1.557721715545104644e+03 1.534432354093517461e+03 1.510404736107084545e+03 1.487891250874706657e+03
1.813000000000000000e+03 1.812995970897703728e+03 1.812651627201234305e+03 1.811264179300910882e+03 1.808931816711728743e+03 1.806012390824836302e+03 1.802782006575023161e+03 1.799384960345811351e+03 1.795902691353007640e+03 1.792663441807086656e+03 1.779646055851580968e+03 1.748648201412481058e+03 1.715558316506715983e+03 1.683375078975131146e+03 1.652637499197369152e+03 1.623425042207140905e+03 1.595708026839173726e+03 1.569403845312610429e+03 1.545991047761304117e+03 1.522112286389929977e+03 1.499622489058936253e+03
1.813000000000000000e+03 1.812996877481448337e+03 1.812695938473076694e+03 1.811421415884490671e+03 1.809221629564358636e+03 1.806424677949438092e+03 1.803294750710976587e+03 1.799974622496588381e+03 1.796574533407931085e+03 1.793314277653787258e+03 1.785975496069310566e+03 1.758254208228405105e+03 1.726056699301457911e+03 1.694292448921588175e+03 1.663805548318775891e+03 1.634755167670964283e+03 1.607141665692725155e+03 1.580899642475447308e+03 1.557373830908154332e+03 1.533650998443220260e+03 1.511189867024506839e+03
1.813000000000000000e+03 1.812997587881730851e+03 1.812735037143892214e+03 1.811565891157249553e+03 1.809493290152135842e+03 1.806815593578398875e+03 1.803784589892347412e+03 1.800542326022151656e+03 1.797216269265525852e+03 1.793958526941909668e+03 1.790020874429069863e+03 1.767209827015924702e+03 1.736202161480088762e+03 1.704935752197193096e+03 1.674734543912795289e+03 1.645867506264049553e+03 1.618373676288932074e+03 1.592208037740206237e+03 1.568582551495287362e+03 1.545020827504142062e+03 1.522592868907621778e+03
1.813000000000000000e+03 1.812998142673520306e+03 1.812769477207393948e+03 1.811698485883031708e+03 1.809747692990056066e+03 1.807185907572240922e+03 1.804252157406855304e+03 1.801087860162559537e+03 1.797828584970007569e+03 1.794590766435278056e+03 1.791838702999183852e+03 1.775310449674716892e+03 1.745955950455380389e+03 1.715294189188573910e+03 1.685420652472512984e+03 1.656760490835646124e+03 1.629403271568374294e+03 1.603327991433866828e+03 1.579618729914540154e+03 1.556221888310312352e+03 1.533831437093174145e+03
1.813000000000000000e+03 1.812998574480053094e+03 1.812799761655795919e+03 1.811820034027610973e+03 1.809985703155533884e+03 1.807536381043905294e+03 1.804698041645772719e+03 1.801611155198529104e+03 1.798412946627707015e+03 1.795206427733355440e+03 1.792399456867486379e+03 1.782217940468913412e+03 1.755254355085828593e+03 1.725351029748145038e+03 1.695857966986133306e+03 1.667431610597341887e+03 1.640229137136218242e+03 1.614258261654340913e+03 1.590483329276741870e+03 1.567254270514542213e+03 1.544905638898539792e+03
1.813000000000000000e+03 1.812998909431063566e+03 1.812826346166032181e+03 1.811931323883415416e+03 1.810208155813520989e+03 1.807867762151806119e+03 1.805122810473877053e+03 1.802112291335457940e+03 1.798971040067998729e+03 1.795802063584890220e+03 1.792959763271983320e+03 1.787475067672054593e+03 1.763995772107887433e+03 1.735081984940418806e+03 1.706038349781016905e+03 1.677877496060160411e+03 1.650849564385815029e+03 1.624997539004274813e+03 1.601176852489026487e+03 1.578118088352769973e+03 1.555815560418737505e+03
1.813000000000000000e+03 1.812999168375697082e+03 1.812849642644828918e+03 1.812033099280399711e+03 1.810415855773298517e+03 1.808180782630125123e+03 1.805527023899800042e+03 1.802591478220056842e+03 1.799504430738521478e+03 1.796375399952539055e+03 1.793513525429682431e+03 1.790684354449058674e+03 1.772017188819167586e+03 1.744451576277658660e+03 1.715950679281294015e+03 1.688093733082477002e+03 1.661262420032147702e+03 1.635544444298275494e+03 1.611699382925488180e+03 1.588813472436585926e+03 1.566561204108747461e+03
1.813000000000000000e+03 1.812999367886658547e+03 1.812870022621047838e+03 1.812126060870518813e+03 1.810609577136411417e+03 1.808476155171103755e+03 1.805911238805112816e+03 1.803049024188642079e+03 1.800014408823268695e+03 1.796925214871513163e+03 1.794055239046650058e+03 1.791467088417714422e+03 1.779053861299493747e+03 1.753404977774631334e+03 1.725578806454402638e+03 1.698074137298417554e+03 1.671464822858253456e+03 1.645897331284198799e+03 1.622050524539160961e+03 1.599340476934418120e+03 1.577142365368719311e+03
1.813000000000000000e+03 1.812999521087630228e+03 1.812887820476796151e+03 1.812210867473837425e+03 1.810790063058734177e+03 1.808754571569006657e+03 1.806276008954358304e+03 1.803485305243173798e+03 1.800501959289024853e+03 1.797451111807969255e+03 1.794580490118623857e+03 1.792023811768348878e+03 1.784732058618352312e+03 1.761859222668951134e+03 1.734900210365073463e+03 1.707810597528775816e+03 1.681453199295628792e+03 1.656054343831442793e+03 1.632229526601475754e+03 1.609699123884129904e+03 1.587558648220081750e+03
1.813000000000000000e+03 1.812999638331988308e+03 1.812903336511282532e+03 1.812288137474393807e+03 1.810958025627846155e+03 1.809016701457352156e+03 1.806621882647918483e+03 1.803900738272220906e+03 1.800967799744848207e+03 1.797953257463263526e+03 1.795086169897681202e+03 1.792548550158784337e+03 1.788711572348421896e+03 1.769684083580524430e+03 1.743881867126547832e+03 1.717291882315731073e+03 1.691222815532069490e+03 1.666013163068056883e+03 1.642235216405550545e+03 1.619889303998814057e+03 1.597809391403561222e+03
1.813000000000000000e+03 1.812999727756958464e+03 1.812916839833917265e+03 1.812358450254034324e+03 1.811114145845484472e+03 1.809263191464282954e+03 1.806949399547473149e+03 1.804295760004210706e+03 1.801412444322438660e+03 1.798432138812215953e+03 1.795570432229210155e+03 1.793036855669357237e+03 1.791239576191375136e+03 1.776676377124933879e+03 1.752474339442724613e+03 1.726502212764165733e+03 1.700767317540218755e+03 1.675770804321659625e+03 1.652065975165972077e+03 1.629910716667589895e+03 1.607893637253911265e+03
1.813000000000000000e+03 1.812999795734091094e+03 1.812928571085041540e+03 1.812422347652603321e+03 1.811259073700472072e+03 1.809494664638407585e+03 1.807259087543716078e+03 1.804670811628429419e+03 1.801836268462737962e+03 1.798888371554357036e+03 1.796032473107157102e+03 1.793490625278836205e+03 1.791555112239827395e+03 1.782545163076522840e+03 1.760604279621096566e+03 1.735419877781039986e+03 1.710078459887893814e+03 1.685323573284650593e+03 1.661719818756248287e+03 1.639762891808240056e+03 1.617810167900309580e+03
1.813000000000000000e+03 1.812999847233814307e+03 1.812938744984627419e+03 1.812480335443290187e+03 1.811393428317217513e+03 1.809711720035671078e+03 1.807551460075879959e+03 1.805026328305987363e+03 1.802239562583637280e+03 1.799322570619880480e+03 1.796472228604283828e+03 1.793914032481128970e+03 1.791867739955085881e+03 1.786931345163402284e+03 1.768155953843242060e+03 1.744012473167646021e+03 1.719144453682781204e+03 1.694666309144297202e+03 1.671194065961467913e+03 1.649444930929648081e+03 1.627557332435024819e+03
1.813000000000000000e+03 1.812999886119144776e+03 1.812947552710752234e+03 1.812532884812310613e+03 1.811517798166363264e+03 1.809914932394474135e+03 1.807827014026238430e+03 1.805362732541734204e+03 1.802622571038131127e+03 1.799735277838631418e+03 1.796890073205747512e+03 1.794311364339340344e+03 1.792176107618791548e+03 1.789595053803364408e+03 1.774957353274477100e+03 1.752234098911941146e+03 1.727949683006149826e+03 1.703792512099769738e+03 1.680485557891812732e+03 1.658955645642176250e+03 1.637133171833753977e+03
1.813000000000000000e+03 1.812999915381305073e+03 1.812955164111044951e+03 1.812580433832923973e+03 1.811632741326223368e+03 1.810104851855822062e+03 1.808086228156998686e+03 1.805680430385649288e+03 1.802985517310122987e+03 1.800126933642169206e+03 1.797286571089633298e+03 1.794686105946060479e+03 1.792478747953328366e+03 1.790724120828599553e+03 1.780760698584316515e+03 1.760016448849912877e+03 1.736472166952249836e+03 1.712693394829363342e+03 1.689590287527254304e+03 1.668293301772496761e+03 1.646535248786556394e+03
1.813000000000000000e+03 1.812999937327913358e+03 1.812961729751348912e+03 1.812623388924232586e+03 1.811738785785522850e+03 1.810282003706468004e+03 1.808329561988305386e+03 1.805979809556406735e+03 1.803328618286020173e+03 1.800497877549671330e+03 1.797662302141769942e+03 1.795040710921705340e+03 1.792774134343123251e+03 1.790963320284969313e+03 1.785271140314099284e+03 1.767256888421763279e+03 1.744680407820532992e+03 1.721356906057640799e+03 1.698503096668882790e+03 1.677455434458026502e+03 1.655760532898618294e+03
1.813000000000000000e+03 1.812999953732665745e+03 1.812967382806787782e+03 1.812662126286051944e+03 1.811836429779453056e+03 1.810446888136369580e+03 1.808557455000227492e+03 1.806261238757512956e+03 1.803652090796278799e+03 1.800848363980023123e+03 1.798017761143939197e+03 1.795376695323780496e+03 1.793060738987704781e+03 1.791201822326581350e+03 1.788336439011166021e+03 1.773807356723033990e+03 1.752530131607886460e+03 1.729767017188671616e+03 1.707217607031957641e+03 1.686438832551778205e+03 1.664805411717549759e+03
1.813000000000000000e+03 1.812999965953862784e+03 1.812972240801124599e+03 1.812696993301857447e+03 1.811926142152068678e+03 1.810599980009372302e+03 1.808770326053071813e+03 1.806525067643712191e+03 1.803956153230274140e+03 1.801178583478522341e+03 1.798353315414266717e+03 1.795694849740838208e+03 1.793337087996388163e+03 1.791435804762892531e+03 1.790281705596860547e+03 1.779457419011792581e+03 1.759954816944427648e+03 1.737900575503538448e+03 1.715725049258272293e+03 1.695238855300533714e+03 1.673665228811585393e+03
1.813000000000000000e+03 1.812999975027886649e+03 1.812976407200819040e+03 1.812728309902395495e+03 1.812008362738713686e+03 1.810741728649339620e+03 1.808968572943234676e+03 1.806771627065814528e+03 1.804241024372709489e+03 1.801488683190156962e+03 1.798669201895407923e+03 1.795995464476757888e+03 1.793601808770368507e+03 1.791661833021184520e+03 1.790414709475149948e+03 1.783972469580790175e+03 1.766860698284945329e+03 1.745726428538511755e+03 1.724014456429617667e+03 1.703849634063970143e+03 1.682334471227302174e+03
1.813000000000000000e+03 1.812999981742602813e+03 1.812979972870574557e+03 1.812756369883345997e+03 1.812083502762598300e+03 1.810872557644713879e+03 1.809152572036285392e+03 1.807001229362999993e+03 1.804506920948294464e+03 1.801778783500462623e+03 1.798965546209338527e+03 1.796278521063067728e+03 1.793853666135945559e+03 1.791877147295115947e+03 1.790543588539335587e+03 1.787180483425718649e+03 1.773110302249458755e+03 1.753199113446826914e+03 1.732070534098151938e+03 1.712262907086097357e+03 1.690806016951635002e+03
1.813000000000000000e+03 1.812999986694768950e+03 1.812983017397407593e+03 1.812781442170951550e+03 1.812151945239873839e+03 1.810992864673922895e+03 1.809322677940385120e+03 1.807214168578230101e+03 1.804754054807989633e+03 1.802048989910020509e+03 1.799242390444366265e+03 1.796543835508511620e+03 1.794091585296041558e+03 1.792079770132384510e+03 1.790667889810373481e+03 1.789050497618411327e+03 1.778519403058926173e+03 1.760254176347786597e+03 1.739872686569055077e+03 1.720467622493318004e+03 1.699070973384712715e+03
1.813000000000000000e+03 1.812999990334737049e+03 1.812985610290356135e+03 1.812803772030204073e+03 1.812214045387824399e+03 1.811103021352874521e+03 1.809479223199583203e+03 1.807410720546457924e+03 1.804982630277668022e+03 1.802299400465505414e+03 1.799499721179186736e+03 1.796791155077300118e+03 1.794314661395190342e+03 1.792268463324544200e+03 1.790787045340218810e+03 1.789486147958241645e+03 1.782877128768095190e+03 1.766800519476712225e+03 1.747392823085741611e+03 1.728448887136450594e+03 1.707118133413204305e+03
1.813000000000000000e+03 1.812999993001128587e+03 1.812987812062913690e+03 1.812823582210718087e+03 1.812270131030955554e+03 1.811203373104590128e+03 1.809622517997932846e+03 1.807591142851858649e+03 1.805192841909654589e+03 1.802530109648702819e+03 1.799737493255929166e+03 1.797020217361733557e+03 1.794522157025603747e+03 1.792442587872475997e+03 1.790900405835276842e+03 1.789614298398627398e+03 1.786006370189099471e+03 1.772706840088674426e+03 1.754590134579674668e+03 1.736185313172182987e+03 1.714932504623263867e+03
1.813000000000000000e+03 1.812999994947616187e+03 1.812989675205183858e+03 1.812841074025938497e+03 1.812320502999988548e+03 1.811294239049997941e+03 1.809752849872394108e+03 1.807755674675362798e+03 1.805384872704125655e+03 1.802741209761986738e+03 1.799955647657569898e+03 1.797230782038926691e+03 1.794713490117110950e+03 1.792601924361187002e+03 1.791007275425458374e+03 1.789733510818818559e+03 1.787887073338388518e+03 1.777808174958321160e+03 1.761409912496364768e+03 1.743648516819491988e+03 1.722495420003802110e+03
1.813000000000000000e+03 1.812999996363515493e+03 1.812991245052543263e+03 1.812856428361880262e+03 1.812365435519034236e+03 1.811375911918218435e+03 1.809870483436374798e+03 1.807904536564044747e+03 1.805558892771609635e+03 1.802932790743961732e+03 1.800154123567964916e+03 1.797422644628787339e+03 1.794888215248015968e+03 1.792746499620960776e+03 1.791106945047563840e+03 1.789839330190336796e+03 1.788751337027080581e+03 1.781909550162776441e+03 1.767771381665444778e+03 1.750796385688225882e+03 1.729780982844950358e+03
1.813000000000000000e+03 1.812999997389566943e+03 1.812992560557256866e+03 1.812869806611986860e+03 1.812405176576508666e+03 1.811448657974217895e+03 1.809975660117267125e+03 1.808037930154721835e+03 1.805715058364479773e+03 1.803104939143450110e+03 1.800332865548624341e+03 1.797595639475253620e+03 1.795046001493917856e+03 1.792876447585158303e+03 1.791198722251741401e+03 1.789930170580113781e+03 1.788810553203812333e+03 1.784864859485150646e+03 1.773565932621048887e+03 1.757570534979828835e+03 1.736755508458962822e+03
1.813000000000000000e+03 1.812999998129959977e+03 1.812993654969201316e+03 1.812881351535186013e+03 1.812439948275678717e+03 1.811512716961534579e+03 1.810068597911588313e+03 1.808156037879779888e+03 1.805853511193939084e+03 1.803257736759865793e+03 1.800491827046619392e+03 1.797749637001468500e+03 1.795186609590018406e+03 1.792991914874604163e+03 1.791281955827238789e+03 1.790006352788190725e+03 1.788866154835165389e+03 1.786675074298289701e+03 1.778649963648075754e+03 1.763887526646501556e+03 1.743373495314581078e+03
1.813000000000000000e+03 1.812999998661461404e+03 1.812994556431418232e+03 1.812891188034561310e+03 1.812469947161021537e+03 1.811568302057772371e+03 1.810149491160804473e+03 1.808259022676901395e+03 1.805974377955135651e+03 1.803391259266861653e+03 1.800630971400407816e+03 1.797884538476579792e+03 1.795309870563196910e+03 1.793093008903386817e+03 1.791356054357809853e+03 1.790069168603202343e+03 1.788917345615580189e+03 1.787625266260067292e+03 1.782837707470926944e+03 1.769622845638601802e+03 1.749569535665138801e+03
1.813000000000000000e+03 1.812999999040305283e+03 1.812995288495729255e+03 1.812899423854480119e+03 1.812495344517017656e+03 1.811615599840685718e+03 1.810218510350136739e+03 1.808347027717814171e+03 1.806077769997024006e+03 1.803505574990506375e+03 1.800750271310939297e+03 1.798000270196816018e+03 1.795415667250283150e+03 1.793179779311836228e+03 1.791420498547568741e+03 1.790120189569043760e+03 1.788963213356959386e+03 1.787657985609401067e+03 1.785947434055620761e+03 1.774614755969607813e+03 1.755258638660846827e+03
1.813000000000000000e+03 1.812999999307356802e+03 1.812995870563181370e+03 1.812906150194256952e+03 1.812516286636281393e+03 1.811654770262862712e+03 1.810275801931811657e+03 1.808420176165566318e+03 1.806163783089513799e+03 1.803600743912902317e+03 1.800849707504450635e+03 1.798096778085088772e+03 1.795503919396392121e+03 1.793252221418352747e+03 1.791474847811235804e+03 1.790160858603950601e+03 1.789002862093332169e+03 1.787685810838889211e+03 1.787982733964852514e+03 1.778763013407879725e+03 1.760378690702943459e+03
1.813000000000000000e+03 1.812999999491945346e+03 1.812996318253548679e+03 1.812911442236839775e+03 1.812532895054367600e+03 1.811685946633254389e+03 1.810321488173598482e+03 1.808478570965487734e+03 1.806232497255160752e+03 1.803676816910310890e+03 1.800929267089837822e+03 1.798174023152880181e+03 1.795574572421818857e+03 1.793310291438316881e+03 1.791518742130911278e+03 1.790192311130062762e+03 1.789035503923867509e+03 1.787708900430570793e+03 1.789133924520536993e+03 1.782037587464127910e+03 1.764882678247349986e+03
1.813000000000000000e+03 1.812999999614676653e+03 1.812996643707533849e+03 1.812915359591196420e+03 1.812545266748951008e+03 1.811709235604044352e+03 1.810355667032905785e+03 1.808522294671984582e+03 1.806283976644531094e+03 1.803733835201606098e+03 1.800988941932955868e+03 1.798231977944403525e+03 1.795627589511599808e+03 1.793353925752850046e+03 1.791551900505308595e+03 1.790215345282854287e+03 1.789060508836651252e+03 1.787726949322406654e+03 1.789364556972072023e+03 1.784226103086290323e+03 1.768575155105355179e+03
1.813000000000000000e+03 1.812999999689441893e+03 1.812996855824786508e+03 1.812917946647365852e+03 1.812553474301452525e+03 1.811724717161627495e+03 1.810378412056463048e+03 1.808551409311497764e+03 1.806318269443207782e+03 1.803771829969429518e+03 1.801028727237955763e+03 1.798270623914989528e+03 1.795662946432911895e+03 1.793383059273021672e+03 1.791574117445761431e+03 1.790230468377949592e+03 1.789077419698880021e+03 1.787739428454108520e+03 1.789494810814445827e+03 1.785184715569220089e+03 1.771209783928341039e+03
1.813000000000000000e+03 1.812999999724790314e+03 1.812996960440166504e+03 1.812919232843362352e+03 1.812557566019571141e+03 1.811732444620691467e+03 1.810389772305378983e+03 1.808565956280988985e+03 1.806335407804368515e+03 1.803790822115185165e+03 1.801048620437185264e+03 1.798289949625570671e+03 1.795680628405276366e+03 1.793397640226073918e+03 1.791585258918056070e+03 1.790237966837795966e+03 1.789085945230608786e+03 1.787745823004378281e+03 1.789558923531259552e+03 1.785425990699733575e+03 1.772419803575658079e+03
1.813000000000000000e+03 1.812999999724839881e+03 1.812996960586952582e+03 1.812919234648025849e+03 1.812557571760667088e+03 1.811732455463101132e+03 1.810389788244961892e+03 1.808565976691864307e+03 1.806335431851229487e+03 1.803790848763094345e+03 1.801048648349363930e+03 1.798289976741505143e+03 1.795680653214879158e+03 1.793397660684631774e+03 1.791585274550673148e+03 1.790237977358896615e+03 1.789085957192795604e+03 1.787745831976581712e+03 1.789558959283762988e+03 1.785426072165166943e+03 1.772420060472782097e+03
